518094
73155
69930
762586
914681
1399249
518084
42370
41360
804293
61585
81148
816584
252614
202265
66486
100388
79810
87355
75118
518039
80603
313883
129914
958474
75652
286161
45090
216763
78319
1417954
48270
200082
796150
44498
49549
67524
958479
1706459
1215417
518085
518090
63245
57937
135677
97729
697205
237739
110699
1146181
116863
68203
84615
461115
1681117
702395
88855
518029
985159
72879
518094
73155
69930
762586
914681
1399249
518084
42370
41360
804293
61585
81148
816584
252614
202265
66486
100388
79810
87355
75118
518039
80603
313883
129914
958474
75652
286161
45090
216763
78319
1417954
48270
200082
796150
44498
49549
67524
958479
1706459
1215417
518085
518090
63245
57937
135677
97729
697205
237739
110699
1146181
116863
68203
84615
461115
1681117
702395
88855
518029
985159
72879
109015
313882
44710
409624
518091
66478
59333
518082
252632
285607
441708
1417966
212136
490704
285610
72881
518081
331105
762600
958477
58938
368147
64957
1028706
56524
40994
53406
518083
57908
70060
48558
133275
252635
65616
77939
740391
133078
72581
80354
68382
518086
914680
218730
103141
101635
815480
79861
65756
96130
65282
43208
1322464
107587
135071
97730
135064
94677
1146180
57587
79241
127243
518034
621686
518088
76947
80750
991313
518087
551074
78976
313884
51016
78733
461109
252636
763714
116878
200079
518035
372055
518079
37968
1411702
92837
518033
110793
274379
461111
230909
40984
37967
66783
278455
313873
75115
80604
518036
80353
56265
46780
65612
789073
77945
257594
157174
762595
1454387
53754
248190
60101
1044252
932611
94676
69685
47851
1053568
286158
1620054
286160
78481
